poil=100*[0.138769615
0.1368539
0.133833301
0.135240057
0.140699477
0.139419333
0.138049119
0.137039003
0.13593385
0.135062479
0.133988851
0.13261839
0.130563884
0.127889206
0.143029225
0.148088102
0.337336713
0.328538638
0.319546593
0.342226207
0.335064847
0.331075979
0.324568343
0.318695575
0.332117992
0.340554879
0.351087966
0.377366964
0.370567559
0.364210285
0.375610011
0.37821936
0.371819033
0.363552115
0.355285392
0.347214712
0.353890117
0.390878566
0.547853985
0.640018607
0.715569588
0.763046294
0.71738637
0.670157324
0.68203241
0.656383387
0.615790563
0.594718161
0.522134431
0.572587917
0.558988772
0.545510735
0.477554905
0.486158407
0.497598508
0.465669019
0.464834932
0.463079378
0.439980456
0.41113409
0.401740445
0.409996682
0.406497225
0.422695039
0.244900632
0.201491271
0.199403878
0.219712491
0.257333893
0.270293789
0.281492489
0.261218194
0.228280542
0.231041154
0.202639454
0.189948837
0.243513068
0.256577689
0.23471577
0.256620405
0.260472218
0.208836491
0.339273223
0.409309369
0.259463989
0.234048201
0.245397256
0.251979854
0.217794017
0.241013153
0.240201724
0.227724159
0.214307478
0.213501231
0.191799919
0.174970654
0.160338889
0.183201504
0.189715434
0.185861104
0.188401205
0.200248519
0.178636662
0.185799391
0.201718106
0.209933196
0.223666189
0.2501235
0.223746924
0.190529681
0.194024097
0.195411491
0.147003831
0.138818636
0.128601479
0.11496396
0.11555849
0.157187981
0.207510471
0.240222
0.266958417
0.262362017
0.29655171
0.28643656
0.247943634
0.258931543
0.24000944
0.184173072
0.199590662
0.235597064
0.251577416
0.248130604
0.288596937
0.239830727
0.259386116
0.26745509
0.287809894
0.316805645
0.370156043
0.388303954
0.417430685
0.449109075
0.526919609
0.483485436
0.522005975
0.582399675
0.577192708
0.49721853
0.476244164
0.559838617
0.606802753
0.709298384
0.767492618
0.949293166
0.883212773
0.432400244
0.35241878
0.463940914
0.534409626
0.578786541
0.591004388
0.607141019
0.593997596
0.663059196
0.79597014
0.879856002
0.844891514
0.810829266
0.873740448
0.796550655
0.803369422
0.801179187
0.816242914
0.743760862
0.796948361
0.786207622
0.77316864
0.779834202
0.722477978
0.54237261
0.385883442
0.440370844
0.355910875
0.308882501
0.239917571
0.320278571
0.320770888
0.323741775];