RGDP=[42948.246094
43958.644531
46867.183594
50546.765625
54432.500000
56762.949219
58218.820313
58521.816406
59104.320313
63062.429688
66684.265625
70578.265625
74003.648438
76219.351563
82242.679688
83090.000000
87717.304688
91190.101563
97160.648438
103553.671880
110815.593750
117421.007810
126426.195310
134925.765630
142678.281250
145993.062500
152896.156250
159254.343750
172743.031250
182035.078130
189475.500000
193789.609380
195627.562500
198706.656250
205364.687500
211745.578130
224077.796880
236108.390630
245704.250000
254092.828130
264973.062500
270276.781250
281209.312500
297266.812500
312568.156250
328829.312500
335589.562500
347101.281250
349079.000000
334403.687500
344184.531250
349959.593750
358722.500000
372778.218750
392658.562500
411139.281250
438675.375000
468946.750000
485579.375000
493598.937500
513203.718750
547021.312500
569142.562500
597237.125000
624426.312500];